-4291.111149222199
140.69877423036905
-61.50950114517595
0.001404285811339242
-0.7882984609336647
13.239040310762702
-824.7646388055955
-1.1055938429291605
618.2786104048294
287.3064533286987
-253.57963393624513
2599.2337241505475
4.586106326526997
-23.295836103033604
-18.535140168327786
-2.029173056087222
-6.618464635400581
8.797989670136737
-26.415765472772947
-0.44114728710773377
865.0914493483194
-237.99435633077275
1416.0231484570154
-1046.126523786491
-1275.8411604968449
12816.99015866881
-11.296720271034278
117.97722781498209
71.01533925391419
0.09171122027876147
-2255.5149930525104
