-4236.851228852858
140.41506522653083
-61.521999636673826
0.001404035285555848
-0.7882998734279102
13.233187458591388
-825.376731301393
-1.1537476099192787
617.084260413141
286.8979993114553
-255.35663469911373
2599.2645276456487
4.032250721734178
-23.38566983168064
-18.53866251468149
-2.0334986186190145
-6.618909066154704
8.7914207503913
-26.414249000153042
-0.44509061123089383
864.9955586278409
-238.09997614429753
1414.4378112136487
-1047.2953140257928
-1276.9126163311612
12810.818199327994
-11.544385954365293
117.64644879451058
70.12439894424219
0.09042435703472165
-2258.7527786341593
